0.002925
0.002898
0.002879
0.002867
0.002863
0.002865
0.002874
0.002889
0.002911
0.002939
0.002973
0.003011
0.003052
0.003098
0.003149
0.003206
0.003270
0.003339
0.003411
0.003483
0.003554
0.003627
0.003704
0.003786
0.003874
0.003965
0.004057
0.004148
0.004234
0.004314
0.004389
0.004458
0.004523
0.004581
0.004629
0.004665
0.004690
0.004703
0.004705
0.004696
0.004676
0.004644
0.004600
0.004544
0.004475
0.004395
0.004305
0.004208
0.004107
0.004003
0.003896
0.003785
0.003673
0.003560
0.003448
0.003341
0.003237
0.003140
0.003054
0.002983
0.002930
0.002903
0.002912
0.002965
0.003075
0.003254
0.003508
0.003847
0.004275
0.004796
0.005410
0.006116
0.006908
0.007765
0.008657
0.009545
0.010396
0.011181
0.011876
0.012463
0.012936
0.013290
0.013524
0.013645
0.013657
0.013571
0.013378
0.013066
0.012624
0.012046
0.011331
0.010483
0.009511
0.008426
0.007238
0.005959
0.004600
0.003173
0.001692
0.000177
-0.001348
-0.002865
-0.004357
-0.005816
-0.007234
-0.008606
-0.009924
-0.011179
-0.012363
-0.013471
-0.014502
-0.015459
-0.016345
-0.017163
-0.017913
-0.018598
-0.019219
-0.019774
-0.020263
-0.020686
-0.021045
-0.021344
-0.021583
-0.021766
-0.021892
-0.021964
-0.021984
-0.021957
-0.021885
-0.021767
-0.021608
-0.021412
-0.021181
-0.020917
-0.020619
-0.020284
-0.019911
-0.019501
-0.019058
-0.018584
-0.018081
-0.017548
-0.016983
-0.016387
-0.015762
-0.015110
-0.014440
-0.013762
-0.013084
-0.012414
-0.011758
-0.011114
-0.010486
-0.009878
-0.009294
-0.008737
-0.008209
-0.007714
-0.007255
-0.006832
-0.006445
-0.006095
-0.005783
-0.005508
-0.005274
-0.005082
-0.004937
-0.004846
-0.004812
-0.004836
-0.004918
-0.005064
-0.005282
-0.005577
-0.005954
-0.006416
-0.006962
-0.007584
-0.008268
-0.008992
-0.009728
-0.010448
-0.011122
-0.011724
-0.012231
-0.012627
-0.012903
-0.013055
-0.013080
-0.012983
-0.012744
-0.012330
-0.011709
-0.010849
-0.009719
-0.008296
-0.006562
-0.004514
-0.002155
0.000490
0.003383
0.006464
0.009661
0.012896
0.016092
0.019181
0.022107
0.024824
0.027302
0.029522
0.031476
0.033164
0.034590
0.035768
0.036713
0.037443
0.037979
0.038343
0.038556
0.038637
0.038605
0.038467
0.038210
0.037821
0.037291
0.036612
0.035780
0.034794
0.033660
0.032384
0.030974
0.029443
0.027806
0.026081
0.024288
0.022447
0.020579
0.018703
0.016837
0.014994
0.013184
0.011416
0.009698
0.008037
0.006439
0.004909
0.003451
0.002066
0.000757
-0.000477
-0.001637
-0.002721
-0.003728
-0.004656
-0.005504
-0.006275
-0.006974
-0.007606
-0.008176
-0.008690
-0.009151
-0.009562
-0.009926
-0.010244
-0.010520
-0.010757
-0.010958
-0.011126
-0.011260
-0.011362
-0.011431
-0.011469
-0.011476
-0.011455
-0.011407
-0.011333
-0.011234
-0.011112
-0.010967
-0.010803
-0.010621
-0.010425
-0.010215
-0.009995
-0.009768
-0.009540
-0.009313
-0.009090
-0.008873
-0.008662
-0.008461
-0.008271
-0.008095
-0.007937
-0.007802
-0.007693
-0.007613
-0.007564
-0.007550
-0.007572
-0.007634
-0.007740
-0.007898
-0.008111
-0.008386
-0.008724
-0.009126
-0.009589
-0.010106
-0.010670
-0.011268
-0.011884
-0.012503
-0.013106
-0.013675
-0.014194
-0.014645
-0.015015
-0.015295
-0.015477
-0.015559
-0.015541
-0.015423
-0.015185
-0.014804
-0.014259
-0.013527
-0.012587
-0.011421
-0.010019
-0.008376
-0.006503
-0.004419
-0.002154
0.000252
0.002750
0.005294
0.007836
0.010329
0.012735
0.015017
0.017145
0.019099
0.020868
0.022445
0.023831
0.025032
0.026053
0.026906
0.027599
0.028145
0.028555
0.028841
0.029015
0.029088
0.029070
0.028970
0.028778
0.028487
0.028091
0.027586
0.026970
0.026243
0.025408
0.024468
0.023432
0.022307
0.021104
0.019833
0.018504
0.017129
0.015721
0.014293
0.012857
0.011422
0.009996
0.008587
0.007205
0.005857
0.004549
0.003286
0.002075
0.000922
-0.000171
-0.001202
-0.002173
-0.003083
-0.003935
-0.004726
-0.005457
-0.006132
-0.006753
-0.007322
-0.007840
-0.008307
-0.008725
-0.009097
-0.009425
-0.009712
-0.009957
-0.010164
-0.010334
-0.010470
-0.010574
-0.010648
-0.010694
-0.010715
-0.010711
-0.010683
-0.010633
-0.010561
-0.010468
-0.010357
-0.010228
-0.010084
-0.009927
-0.009760
-0.009583
-0.009398
-0.009208
-0.009015
-0.008823
-0.008634
-0.008452
-0.008281
-0.008123
-0.007982
-0.007861
-0.007763
-0.007691
-0.007649
-0.007639
-0.007663
-0.007725
-0.007827
-0.007973
-0.008165
-0.008403
-0.008687
-0.009015
-0.009383
-0.009785
-0.010214
-0.010659
-0.011109
-0.011552
-0.011976
-0.012369
-0.012719
-0.013015
-0.013249
-0.013415
-0.013507
-0.013523
-0.013462
-0.013314
-0.013064
-0.012695
-0.012194
-0.011546
-0.010739
-0.009765
-0.008618
-0.007299
-0.005814
-0.004177
-0.002406
-0.000525
0.001435
0.003443
0.005466
0.007476
0.009443
0.011342
0.013150
0.014847
0.016422
0.017864
0.019171
0.020341
0.021373
0.022271
0.023038
0.023681
0.024206
0.024620
0.024930
0.025145
0.025270
0.025314
0.025284
0.025183
0.025004
0.024742
0.024395
0.023959
0.023435
0.022823
0.022123
0.021340
0.020477
0.019542
0.018541
0.017481
0.016372
0.015222
0.014040
0.012837
0.011621
0.010400
0.009184
0.007981
0.006799
0.005641
0.004516
0.003426
0.002376
0.001369
0.000406
-0.000511
-0.001381
-0.002206
-0.002983
-0.003714
-0.004400
-0.005040
-0.005634
-0.006183
-0.006687
-0.007148
-0.007567
-0.007945
-0.008283
-0.008584
-0.008846
-0.009073
-0.009265
-0.009423
-0.009550
-0.009648
-0.009719
-0.009765
-0.009788
-0.009790
-0.009773
-0.009737
-0.009683
-0.009613
-0.009528
-0.009429
-0.009318
-0.009197
-0.009069
-0.008935
-0.008800
-0.008666
-0.008535
-0.008413
-0.008302
-0.008204
-0.008124
-0.008065
-0.008028
-0.008015
-0.008030
-0.008072
-0.008145
-0.008250
-0.008390
-0.008565
-0.008774
-0.009016
-0.009287
-0.009585
-0.009904
-0.010239
-0.010581
-0.010923
-0.011257
-0.011573
-0.011862
-0.012115
-0.012325
-0.012485
-0.012589
-0.012634
-0.012616
-0.012533
-0.012375
-0.012130
-0.011789
-0.011341
-0.010776
-0.010086
-0.009267
-0.008315
-0.007231
-0.006020
-0.004690
-0.003256
-0.001732
-0.000139
0.001503
0.003173
0.004847
0.006504
0.008124
0.009689
0.011185
0.012601
0.013926
0.015155
0.016282
0.017303
0.018217
0.019025
0.019729
0.020332
0.020838
0.021251
0.021576
0.021818
0.021984
0.022077
0.022105
0.022071
0.021976
0.021816
0.021589
0.021291
0.020920
0.020477
0.019962
0.019375
0.018720
0.018001
0.017221
0.016387
0.015503
0.014578
0.013619
0.012632
0.011625
0.010604
0.009578
0.008551
0.007531
0.006522
0.005530
0.004558
0.003610
0.002689
0.001799
0.000941
0.000117
-0.000670
-0.001419
-0.002130
-0.002802
-0.003434
-0.004025
-0.004577
-0.005088
-0.005560
-0.005993
-0.006387
-0.006745
-0.007066
-0.007352
-0.007605
-0.007824
-0.008013
-0.008173
-0.008306
-0.008413
-0.008495
-0.008555
-0.008594
-0.008613
-0.008616
-0.008603
-0.008575
-0.008535
-0.008483
-0.008420
-0.008350
-0.008275
-0.008197
-0.008119
-0.008045
-0.007977
-0.007917
-0.007869
-0.007835
-0.007816
-0.007814
-0.007831
-0.007869
-0.007929
-0.008014
-0.008125
-0.008261
-0.008421
-0.008606
-0.008812
-0.009039
-0.009282
-0.009538
-0.009801
-0.010065
-0.010325
-0.010572
-0.010802
-0.011008
-0.011183
-0.011322
-0.011420
-0.011473
-0.011478
-0.011433
-0.011331
-0.011165
-0.010926
-0.010608
-0.010203
-0.009705
-0.009110
-0.008413
-0.007613
-0.006711
-0.005711
-0.004618
-0.003440
-0.002187
-0.000873
0.000490
0.001886
0.003300
0.004715
0.006114
0.007484
0.008813
0.010090
0.011306
0.012450
0.013517
0.014503
0.015404
0.016220
0.016948
0.017589
0.018145
0.018619
0.019014
0.019333
0.019578
0.019755
0.019866
0.019919
0.019915
0.019857
0.019741
0.019563
0.019323
0.019019
0.018649
0.018213
0.017714
0.017153
0.016534
0.015861
0.015140
0.014375
0.013571
0.012735
0.011873
0.010989
0.010089
0.009178
0.008260
0.007341
0.006426
0.005518
0.004624
0.003747
0.002890
0.002057
0.001250
0.000471
-0.000277
-0.000993
-0.001677
-0.002325
-0.002938
-0.003515
-0.004055
-0.004558
-0.005026
-0.005458
-0.005854
-0.006215
-0.006542
-0.006836
-0.007099
-0.007331
-0.007535
-0.007712
-0.007862
-0.007989
-0.008093
-0.008176
-0.008240
-0.008287
-0.008317
-0.008332
-0.008335
-0.008326
-0.008309
-0.008283
-0.008252
-0.008218
-0.008182
-0.008147
-0.008116
-0.008090
-0.008072
-0.008063
-0.008066
-0.008082
-0.008114
-0.008162
-0.008227
-0.008311
-0.008414
-0.008536
-0.008675
-0.008831
-0.009002
-0.009186
-0.009380
-0.009584
-0.009792
-0.009999
-0.010199
-0.010388
-0.010560
-0.010712
-0.010839
-0.010936
-0.011000
-0.011026
-0.011011
-0.010954
-0.010848
-0.010687
-0.010465
-0.010177
-0.009817
-0.009380
-0.008864
-0.008264
-0.007582
-0.006816
-0.005969
-0.005045
-0.004049
-0.002989
-0.001874
-0.000714
0.000481
0.001700
0.002928
0.004155
0.005370
0.006562
0.007720
0.008834
0.009899
0.010906
0.011850
0.012727
0.013536
0.014274
0.014941
0.015537
0.016061
0.016516
0.016902
0.017222
0.017478
0.017673
0.017809
0.017891
0.017921
0.017902
0.017835
0.017717
0.017548
0.017326
0.017051
0.016721
0.016339
0.015904
0.015419
0.014885
0.014306
0.013685
0.013026
0.012331
0.011606
0.010855
0.010083
0.009295
0.008495
0.007689
0.006880
0.006073
0.005270
0.004475
0.003693
0.002928
0.002181
0.001458
0.000758
0.000085
-0.000560
-0.001176
-0.001763
-0.002318
-0.002843
-0.003336
-0.003797
-0.004227
-0.004627
-0.004996
-0.005334
-0.005641
-0.005919
-0.006170
-0.006393
-0.006591
-0.006764
-0.006913
-0.007039
-0.007145
-0.007231
-0.007299
-0.007352
-0.007392
