0.420208
0.422749
0.425029
0.427061
0.428835
0.430324
0.431496
0.432335
0.432851
0.433092
0.433127
0.433039
0.432774
0.432150
0.430853
0.428373
0.423974
0.416817
0.406282
0.392404
0.376067
0.358690
0.341654
0.325864
0.311714
0.299225
0.288193
0.278324
0.269285
0.260762
0.252450
0.244058
0.235329
0.226031
0.215992
0.205127
0.193471
0.181199
0.168602
0.156007
0.143729
0.132001
0.120940
0.110579
0.100884
0.091793
0.083254
0.075233
0.067723
0.060746
0.054328
0.048495
0.043243
0.038538
0.034323
0.030526
0.027060
0.023843
0.020798
0.017850
0.014937
0.011995
0.008974
0.005824
0.002500
-0.001039
-0.004833
-0.008914
-0.013318
-0.018062
-0.023152
-0.028562
-0.034228
-0.040031
-0.045801
-0.051335
-0.056432
-0.060924
-0.064716
-0.067782
-0.070164
-0.071950
-0.073247
-0.074171
-0.074822
-0.075288
-0.075638
-0.075926
-0.076193
-0.076480
-0.076827
-0.077282
-0.077904
-0.078768
-0.079953
-0.081527
-0.083518
-0.085885
-0.088499
-0.091176
-0.093714
-0.095959
-0.097825
-0.099293
-0.100395
-0.101188
-0.101736
-0.102096
-0.102317
-0.102436
-0.102485
-0.102484
-0.102451
-0.102384
-0.102288
-0.102171
-0.102048
-0.101934
-0.101843
-0.101783
-0.101758
-0.101765
-0.101802
-0.101872
-0.101976
-0.102109
-0.102258
-0.102410
-0.102545
-0.102651
-0.102717
-0.102740
-0.102724
-0.102667
-0.102553
-0.102364
-0.102078
-0.101663
-0.101083
-0.100286
-0.099213
-0.097799
-0.095984
-0.093739
-0.091089
-0.088125
-0.085007
-0.081929
-0.079068
-0.076548
-0.074420
-0.072677
-0.071270
-0.070134
-0.069204
-0.068422
-0.067739
-0.067118
-0.066526
-0.065939
-0.065332
-0.064683
-0.063964
-0.063144
-0.062179
-0.061013
-0.059570
-0.057755
-0.055458
-0.052567
-0.049007
-0.044778
-0.040000
-0.034921
-0.029872
-0.025198
-0.021158
-0.017886
-0.015393
-0.013600
-0.012385
-0.011613
-0.011162
-0.010931
-0.010844
-0.010849
-0.010908
-0.011039
-0.011254
-0.011555
-0.011934
-0.012371
-0.012839
-0.013309
-0.013755
-0.014156
-0.014502
-0.014788
-0.015017
-0.015194
-0.015328
-0.015430
-0.015511
-0.015582
-0.015656
-0.015745
-0.015864
-0.016031
-0.016268
-0.016601
-0.017057
-0.017657
-0.018412
-0.019307
-0.020299
-0.021319
-0.022291
-0.023152
-0.023864
-0.024419
-0.024831
-0.025126
-0.025332
-0.025474
-0.025568
-0.025627
-0.025658
-0.025666
-0.025653
-0.025614
-0.025543
-0.025431
-0.025267
-0.025041
-0.024745
-0.024376
-0.023935
-0.023431
-0.022878
-0.022291
-0.021688
-0.021086
-0.020497
-0.019934
-0.019401
-0.018904
-0.018444
-0.018017
-0.017620
-0.017247
-0.016886
-0.016529
-0.016163
-0.015770
-0.015328
-0.014812
-0.014187
-0.013414
-0.012445
-0.011234
-0.009741
-0.007952
-0.005886
-0.003615
-0.001245
0.001090
0.003260
0.005164
0.006742
0.007980
0.008905
0.009566
0.010022
0.010330
0.010538
0.010684
0.010794
0.010891
0.010990
0.011106
0.011252
0.011439
0.011679
0.011979
0.012343
0.012771
0.013259
0.013798
0.014381
0.015003
0.015664
0.016370
0.017133
0.017974
0.018919
0.020000
0.021253
0.022711
0.024399
0.026322
0.028456
0.030734
0.033054
0.035283
0.037285
0.038948
0.040209
0.041063
0.041557
0.041769
0.041790
0.041703
0.041454
0.040912
0.039887
0.038126
0.035351
0.031352
0.026098
0.019807
0.012912
0.005921
-0.000727
-0.006749
-0.012026
-0.016557
-0.020403
-0.023666
-0.026438
-0.028807
-0.030839
-0.032581
-0.034067
-0.035317
-0.036345
-0.037159
-0.037771
-0.038194
-0.038447
-0.038554
-0.038550
-0.038464
-0.038234
-0.037749
-0.036835
-0.035228
-0.032583
-0.028549
-0.022915
-0.015805
-0.007745
0.000477
0.008103
0.014638
0.019877
0.023846
0.026694
0.028625
0.029844
0.030536
0.030855
0.030932
0.030866
0.030656
0.030146
0.029064
0.026941
0.023035
0.016366
0.006018
-0.008252
-0.025485
-0.043687
-0.060772
-0.075372
-0.086969
-0.095681
-0.101916
-0.106167
-0.108908
-0.110548
-0.111426
-0.111806
-0.111887
-0.111809
-0.111569
-0.110978
-0.109711
-0.107183
-0.102425
-0.094030
-0.080396
-0.060458
-0.034633
-0.005115
0.025145
0.053706
0.079271
0.101487
0.120501
0.136666
0.150381
0.162013
0.171853
0.180169
0.187165
0.192982
0.197703
0.201396
0.204154
0.206086
0.207325
0.208024
0.208332
0.208390
0.208307
0.208058
0.207459
0.206195
0.203712
0.199102
0.191068
0.178133
0.159266
0.134730
0.106400
0.077057
0.049171
0.024252
0.002912
-0.014867
-0.029382
-0.041065
-0.050367
-0.057739
-0.063578
-0.068223
-0.071953
-0.074989
-0.077500
-0.079621
-0.081454
-0.083083
-0.084573
-0.085980
-0.087352
-0.088734
-0.090168
-0.091689
-0.093330
-0.095118
-0.097070
-0.099198
-0.101504
-0.103992
-0.106656
-0.109503
-0.112544
-0.115799
-0.119303
-0.123095
-0.127216
-0.131703
-0.136583
-0.141860
-0.147506
-0.153477
-0.159698
-0.166107
-0.172658
-0.179335
-0.186173
-0.193248
-0.200680
-0.208617
-0.217229
-0.226664
-0.237017
-0.248292
-0.260341
-0.272844
-0.285318
-0.297176
-0.307863
-0.316936
-0.324159
-0.329518
-0.333179
-0.335445
-0.336669
-0.337194
-0.337305
-0.337214
-0.336924
-0.336158
-0.334396
-0.330637
-0.323165
-0.309574
-0.287586
-0.256752
-0.219641
-0.180552
-0.143000
-0.108633
-0.077606
-0.049396
-0.023273
0.001531
0.025679
0.049765
0.074233
0.099382
0.125306
0.151855
0.178662
0.205165
0.230755
0.254864
0.277068
0.297127
0.314979
0.330733
0.344594
0.356816
0.367652
0.377324
0.386016
0.393852
0.400896
0.407162
0.412619
0.417228
0.420955
0.423813
0.425865
0.427232
0.428058
0.428495
0.428676
0.428701
0.428641
0.428488
0.428202
0.427752
0.427115
0.426277
0.425224
0.423933
0.422358
0.420416
0.417972
0.414825
0.410701
0.405228
0.397981
0.388522
0.376504
0.361795
0.344576
0.325353
0.304846
0.283890
0.263245
0.243605
0.225502
0.209313
0.195266
0.183389
0.173597
0.165665
0.159305
0.154207
0.150056
0.146583
0.143545
0.140737
0.137973
0.135068
0.131833
0.128054
0.123484
0.117872
0.110984
0.102691
0.093037
0.082274
0.070853
0.059302
0.048115
0.037661
0.028160
0.019711
0.012321
0.005940
0.000489
-0.004132
-0.008024
-0.011295
-0.014048
-0.016379
-0.018376
-0.020114
-0.021660
-0.023074
-0.024408
-0.025713
-0.027040
-0.028445
-0.029990
-0.031739
-0.033769
-0.036150
-0.038943
-0.042174
-0.045826
-0.049823
-0.054034
-0.058300
-0.062466
-0.066403
-0.070028
-0.073303
-0.076220
-0.078796
-0.081053
-0.083018
-0.084711
-0.086149
-0.087347
-0.088320
-0.089089
-0.089680
-0.090122
-0.090449
-0.090689
-0.090873
-0.091022
-0.091158
-0.091297
-0.091458
-0.091658
-0.091912
-0.092240
-0.092657
-0.093178
-0.093809
-0.094553
-0.095402
-0.096344
-0.097356
-0.098412
-0.099477
-0.100510
-0.101469
-0.102311
-0.103005
-0.103529
-0.103883
-0.104083
-0.104158
-0.104140
-0.104051
-0.103851
-0.103495
-0.102938
-0.102153
-0.101146
-0.099969
-0.098714
-0.097491
-0.096395
-0.095484
-0.094776
-0.094253
-0.093880
-0.093619
-0.093433
-0.093291
-0.093169
-0.093042
-0.092889
-0.092685
-0.092395
-0.091976
-0.091370
-0.090501
-0.089280
-0.087612
-0.085408
-0.082612
-0.079215
-0.075280
-0.070942
-0.066384
-0.061811
-0.057413
-0.053331
-0.049660
-0.046427
-0.043625
-0.041215
-0.039144
-0.037358
-0.035802
-0.034433
-0.033210
-0.032105
-0.031093
-0.030160
-0.029299
-0.028503
-0.027775
-0.027115
-0.026528
-0.026014
-0.025572
-0.025197
-0.024879
-0.024609
-0.024372
-0.024158
-0.023954
-0.023751
-0.023541
-0.023320
-0.023085
-0.022841
-0.022594
-0.022357
-0.022144
-0.021970
-0.021847
-0.021779
-0.021766
-0.021800
-0.021889
-0.022053
-0.022312
-0.022678
-0.023156
-0.023731
-0.024370
-0.025022
-0.025637
-0.026166
-0.026582
-0.026877
-0.027061
-0.027156
-0.027184
-0.027166
-0.027114
-0.027027
-0.026910
-0.026775
-0.026632
-0.026494
-0.026368
-0.026258
-0.026163
-0.026082
-0.026009
-0.025940
-0.025871
-0.025798
-0.025715
-0.025619
-0.025506
-0.025372
-0.025211
-0.025021
-0.024796
-0.024534
-0.024233
-0.023894
-0.023519
-0.023112
-0.022679
-0.022224
-0.021746
-0.021242
-0.020702
-0.020111
-0.019444
-0.018672
-0.017757
-0.016656
-0.015321
-0.013714
-0.011810
-0.009619
-0.007198
-0.004653
-0.002129
0.000226
0.002283
0.003967
0.005253
0.006172
0.006784
0.007159
0.007366
0.007462
0.007488
0.007475
0.007439
0.007388
0.007338
0.007303
0.007295
0.007318
0.007383
0.007505
0.007704
0.008005
0.008439
0.009042
0.009857
0.010932
0.012318
0.014059
0.016178
0.018664
0.021463
0.024474
0.027561
0.030576
0.033385
0.035902
0.038076
0.039904
0.041405
0.042611
0.043564
0.044298
0.044848
0.045241
0.045501
0.045651
0.045711
0.045701
0.045635
0.045481
0.045196
0.044722
0.043972
0.042831
0.041143
0.038711
0.035304
0.030685
0.024667
0.017182
0.008357
-0.001459
-0.011727
-0.021848
-0.031266
-0.039566
-0.046501
-0.051998
-0.056126
-0.059038
-0.060946
-0.062079
-0.062655
-0.062866
-0.062861
-0.062748
-0.062421
-0.061701
-0.060296
-0.057783
-0.053636
-0.047384
-0.038839
-0.028325
-0.016668
-0.004924
0.005987
0.015480
0.023305
0.029468
0.034101
0.037422
0.039669
0.041078
0.041867
0.042227
0.042313
0.042247
0.042039
0.041536
0.040501
0.038555
0.035176
0.029764
0.021852
0.011387
-0.001103
-0.014667
-0.028249
-0.041078
-0.052716
-0.063026
-0.072047
-0.079876
-0.086633
-0.092406
-0.097257
-0.101225
-0.104339
-0.106642
-0.108211
-0.109152
-0.109608
-0.109729
-0.109658
-0.109417
-0.108770
-0.107266
-0.104026
-0.097507
-0.085477
-0.065710
-0.037602
-0.003471
0.032430
0.066366
0.096411
0.122085
0.143582
0.161344
0.175831
0.187452
0.196560
0.203489
0.208589
0.212170
0.214532
0.215960
0.216719
0.217038
0.217091
0.217008
0.216761
0.216188
0.215035
0.212894
0.209191
0.203226
0.194370
0.182364
0.167610
0.151110
0.134132
0.117773
0.102694
0.089180
0.077178
0.066489
0.056841
0.047933
0.039482
0.031219
0.022912
0.014382
0.005513
-0.003698
-0.013131
-0.022555
-0.031652
-0.040097
-0.047636
-0.054134
-0.059580
-0.064061
-0.067722
-0.070720
-0.073211
-0.075328
-0.077182
-0.078860
-0.080432
-0.081956
-0.083480
-0.085046
-0.086696
-0.088471
-0.090422
-0.092604
-0.095093
-0.097979
-0.101381
-0.105442
-0.110332
-0.116248
-0.123382
-0.131908
-0.141932
-0.153452
-0.166334
-0.180316
-0.195036
-0.210086
-0.225033
-0.239473
-0.253075
-0.265560
-0.276737
-0.286498
-0.294796
-0.301667
-0.307203
-0.311540
-0.314837
-0.317261
-0.318980
-0.320149
-0.320904
-0.321360
-0.321606
-0.321711
-0.321723
-0.321676
-0.321558
-0.321336
-0.320963
-0.320359
-0.319383
-0.317771
-0.315034
-0.310258
-0.301799
-0.286990
-0.262371
-0.225325
-0.176935
-0.122818
-0.069731
-0.021937
0.019325
0.054433
0.084344
0.110048
0.132386
0.152081
0.169658
0.185525
0.199966
0.213176
0.225314
0.236501
0.246879
0.256597
0.265838
0.274797
0.283703
0.292776
0.302218
0.312193
0.322769
0.333888
0.345342
0.356786
0.367783
0.377914
0.386843
0.394359
0.400408
0.405058
0.408465
0.410839
0.412400
0.413356
0.413886
0.414130
0.414191
0.414145
0.414000
0.413686
0.413106
0.412127
0.410574
0.408234
0.404887
0.400335
0.394477
0.387342
0.379107
0.370057
0.360521
0.350794
0.341081
0.331482
0.321993
0.312540
0.302988
0.293177
0.282933
0.272083
0.260508
0.248144
0.235040
0.221334
0.207265
0.193149
0.179301
0.166013
0.153496
0.141873
0.131177
0.121380
0.112408
0.104161
0.096547
0.089466
0.082855
0.076668
0.070887
0.065520
0.060575
0.056071
0.052014
0.048389
0.045163
0.042276
0.039659
0.037222
0.034874
0.032511
0.030023
0.027284
0.024153
0.020470
0.016069
0.010798
0.004566
-0.002622
-0.010627
-0.019173
-0.027879
-0.036331
-0.044155
-0.051069
-0.056915
-0.061654
-0.065346
-0.068112
-0.070113
-0.071511
-0.072456
-0.073080
-0.073481
-0.073739
-0.073906
-0.074022
-0.074113
-0.074202
-0.074307
-0.074450
-0.074657
-0.074962
-0.075411
-0.076060
-0.076977
-0.078229
-0.079862
-0.081884
-0.084241
-0.086807
-0.089416
-0.091892
-0.094094
-0.095943
-0.097423
-0.098565
-0.099421
-0.100054
-0.100517
-0.100858
-0.101110
-0.101297
-0.101438
-0.101543
-0.101620
-0.101672
-0.101704
-0.101717
-0.101714
-0.101696
-0.101662
-0.101613
-0.101551
-0.101480
-0.101404
-0.101330
-0.101264
-0.101211
-0.101173
-0.101152
-0.101147
-0.101154
-0.101169
-0.101189
-0.101204
-0.101207
-0.101187
-0.101133
-0.101025
-0.100833
-0.100519
-0.100029
-0.099297
-0.098252
-0.096825
-0.094976
-0.092700
-0.090048
-0.087115
-0.084026
-0.080912
-0.077891
-0.075051
-0.072450
-0.070112
-0.068036
-0.066201
-0.064568
-0.063090
-0.061714
-0.060387
-0.059048
-0.057639
-0.056097
-0.054361
-0.052376
-0.050107
-0.047557
-0.044772
-0.041852
-0.038934
-0.036167
-0.033672
-0.031523
-0.029743
-0.028310
-0.027179
-0.026292
-0.025594
-0.025038
-0.024586
-0.024211
-0.023891
-0.023614
-0.023370
-0.023157
-0.022972
-0.022817
-0.022693
-0.022603
-0.022545
-0.022521
-0.022526
-0.022558
-0.022623
-0.022725
-0.022867
-0.023049
-0.023267
-0.023511
-0.023768
-0.024022
-0.024258
-0.024463
-0.024627
-0.024748
-0.024826
-0.024865
-0.024872
-0.024853
-0.024812
-0.024746
-0.024660
-0.024560
-0.024453
-0.024349
-0.024255
-0.024179
-0.024126
-0.024097
-0.024093
-0.024111
-0.024153
-0.024221
-0.024317
-0.024438
-0.024580
-0.024732
-0.024883
-0.025018
-0.025124
-0.025189
-0.025208
-0.025182
-0.025104
-0.024949
-0.024684
-0.024270
-0.023661
-0.022814
-0.021692
-0.020278
-0.018590
-0.016683
-0.014648
-0.012598
-0.010645
-0.008879
-0.007359
-0.006110
-0.005121
-0.004367
-0.003810
-0.003410
-0.003129
-0.002935
-0.002802
-0.002708
-0.002637
-0.002578
-0.002519
-0.002451
-0.002367
-0.002258
-0.002117
-0.001939
-0.001719
-0.001455
-0.001144
-0.000788
-0.000384
0.000070
0.000581
0.001161
0.001826
0.002600
0.003513
0.004601
0.005904
0.007462
0.009306
0.011458
0.013914
0.016652
0.019628
0.022791
0.026088
0.029478
0.032929
0.036412
0.039895
0.043330
0.046649
0.049768
0.052584
0.055006
0.056960
0.058418
0.059401
0.059973
0.060229
0.060269
0.060186
0.059940
0.059373
0.058233
0.056124
0.052494
0.046705
0.038235
0.026987
0.013498
-0.001134
-0.015592
-0.028783
-0.040025
-0.049055
-0.055924
-0.060892
-0.064297
-0.066499
-0.067829
-0.068554
-0.068889
-0.068982
-0.068939
-0.068790
-0.068441
-0.067765
-0.066568
-0.064588
-0.061501
-0.056976
-0.050779
-0.042900
-0.033642
-0.023586
-0.013464
-0.003936
0.004527
0.011680
0.017490
0.022051
0.025532
0.028121
0.029999
0.031324
0.032228
0.032815
0.033165
0.033341
0.033390
0.033350
0.033219
0.032922
0.032337
0.031247
0.029280
0.025820
0.019941
0.010491
-0.003537
-0.022263
-0.044372
-0.067438
-0.088964
-0.107372
-0.122050
-0.133117
-0.141031
-0.146379
-0.149748
-0.151669
-0.152604
-0.152925
-0.152916
-0.152764
-0.152274
-0.151035
-0.148213
-0.142304
-0.131114
-0.112493
-0.086096
-0.054529
-0.022019
0.008079
0.034375
0.056800
0.075866
0.092191
0.106311
0.118617
0.129381
0.138767
0.146876
0.153772
0.159507
0.164149
0.167789
0.170555
0.172592
0.174041
0.175027
0.175664
0.176043
0.176241
0.176312
0.176298
0.176220
0.176041
0.175710
0.175152
0.174248
0.172822
0.170610
0.167238
0.162214
0.154976
0.145015
0.132107
0.116514
0.099035
0.080819
0.063011
0.046505
0.031810
0.019140
0.008471
-0.000350
-0.007526
-0.013300
-0.017894
-0.021527
-0.024394
-0.026661
-0.028475
-0.029952
-0.031192
-0.032274
-0.033268
-0.034236
-0.035240
-0.036343
-0.037627
-0.039186
-0.041144
-0.043652
-0.046886
-0.051031
-0.056237
-0.062574
-0.069985
-0.078271
-0.087141
-0.096266
-0.105358
-0.114234
-0.122803
-0.131089
-0.139171
-0.147173
-0.155245
-0.163537
-0.172188
-0.181310
-0.190963
-0.201146
-0.211790
-0.222766
-0.233913
-0.245046
-0.255998
-0.266622
-0.276784
-0.286365
-0.295238
-0.303276
-0.310366
-0.316394
-0.321303
-0.325089
-0.327826
-0.329651
-0.330742
-0.331294
-0.331487
-0.331469
-0.331336
-0.330963
-0.330136
-0.328491
-0.325449
-0.320199
-0.311787
-0.299376
-0.282630
-0.261924
-0.238210
-0.212614
-0.186016
-0.158911
-0.131476
-0.103696
-0.075474
-0.046787
-0.017758
0.011356
0.040179
0.068299
0.095315
0.120918
0.144930
0.167288
0.188045
0.207346
0.225357
0.242244
0.258140
0.273104
0.287156
0.300259
0.312336
0.323316
0.333140
0.341778
0.349263
0.355650
0.361024
0.365484
0.369135
0.372085
0.374434
0.376280
0.377706
0.378793
0.379609
0.380215
0.380662
0.380989
0.381228
0.381403
0.381530
0.381622
0.381684
0.381722
0.381735
0.381722
0.381678
0.381584
0.381410
0.381109
0.380597
0.379730
0.378263
0.375784
0.371647
0.364931
0.354571
0.339741
0.320503
0.298194
0.275027
0.253194
0.234078
0.218214
0.205500
0.195521
0.187742
0.181655
0.176812
0.172847
0.169463
0.166426
0.163544
0.160645
0.157574
0.154173
0.150276
0.145716
0.140335
0.133998
0.126623
0.118201
0.108808
0.098611
0.087846
0.076796
0.065748
0.054967
0.044676
0.035050
0.026197
0.018184
0.011025
0.004706
-0.000824
-0.005629
-0.009788
-0.013385
-0.016498
-0.019200
-0.021553
-0.023611
-0.025422
-0.027024
-0.028451
-0.029731
-0.030891
-0.031959
-0.032964
-0.033937
-0.034914
-0.035935
-0.037048
-0.038311
-0.039792
-0.041576
-0.043754
-0.046416
-0.049639
-0.053450
-0.057800
-0.062554
-0.067486
-0.072332
-0.076835
-0.080798
-0.084119
-0.086782
-0.088839
-0.090379
-0.091507
-0.092320
-0.092903
-0.093323
-0.093632
-0.093870
-0.094065
-0.094238
-0.094407
-0.094587
-0.094789
-0.095026
-0.095307
-0.095638
-0.096023
-0.096457
-0.096933
-0.097437
-0.097951
-0.098458
-0.098941
-0.099389
-0.099794
-0.100153
-0.100467
-0.100736
-0.100965
-0.101157
-0.101314
-0.101441
-0.101538
-0.101609
-0.101653
-0.101672
-0.101668
-0.101641
-0.101585
-0.101494
-0.101360
-0.101173
-0.100924
-0.100601
-0.100192
-0.099686
-0.099069
-0.098330
-0.097459
-0.096450
-0.095299
-0.094005
-0.092574
-0.091012
-0.089329
-0.087535
-0.085639
-0.083653
-0.081579
-0.079417
-0.077156
-0.074781
-0.072273
-0.069607
-0.066768
-0.063747
-0.060558
-0.057233
-0.053827
-0.050409
-0.047058
-0.043844
-0.040824
-0.038031
-0.035486
-0.033195
-0.031156
-0.029361
-0.027808
-0.026492
-0.025411
-0.024557
-0.023917
-0.023470
-0.023184
-0.023028
-0.022966
-0.022969
-0.023015
-0.023107
-0.023244
-0.023411
-0.023590
-0.023758
-0.023896
-0.023993
-0.024047
-0.024062
-0.024044
-0.023995
-0.023912
-0.023794
-0.023644
-0.023469
-0.023278
-0.023083
-0.022897
-0.022730
-0.022593
-0.022492
-0.022429
-0.022405
-0.022415
-0.022458
-0.022543
-0.022678
-0.022870
-0.023123
-0.023435
-0.023796
-0.024189
-0.024592
-0.024978
-0.025324
-0.025612
-0.025833
-0.025985
-0.026073
-0.026105
-0.026093
-0.026042
-0.025939
-0.025771
-0.025526
-0.025191
-0.024755
-0.024210
-0.023555
-0.022799
-0.021960
-0.021069
-0.020161
-0.019274
-0.018435
-0.017663
-0.016964
-0.016331
-0.015751
-0.015205
-0.014674
-0.014136
-0.013574
-0.012976
-0.012334
-0.011648
-0.010933
-0.010209
-0.009507
-0.008856
-0.008281
-0.007794
-0.007399
-0.007089
-0.006851
-0.006671
-0.006534
-0.006428
-0.006341
-0.006265
-0.006190
-0.006110
-0.006018
-0.005903
-0.005756
-0.005562
-0.005300
-0.004939
-0.004436
-0.003725
-0.002710
-0.001258
0.000817
0.003741
0.007762
0.013091
0.019814
0.027812
0.036727
0.046019
0.055106
0.063472
0.070726
0.076661
0.081235
0.084536
0.086744
0.088076
0.088766
0.089025
0.089032
0.088917
0.088572
0.087777
0.086165
0.083196
0.078214
0.070701
0.060620
0.048624
0.035862
0.023466
0.012201
0.002380
-0.006006
-0.013125
-0.019194
-0.024427
-0.029003
-0.033056
-0.036672
-0.039903
-0.042760
-0.045238
-0.047313
-0.048965
-0.050193
-0.051022
-0.051508
-0.051723
-0.051752
-0.051671
-0.051437
-0.050917
-0.049913
-0.048131
-0.045201
-0.040737
-0.034473
-0.026426
-0.016962
-0.006737
0.003502
0.013109
0.021639
0.028832
0.034606
0.039006
0.042166
0.044279
0.045562
0.046235
0.046495
0.046508
0.046398
0.046065
0.045281
0.043636
0.040423
0.034579
0.024811
0.010116
-0.009409
-0.032137
-0.055478
-0.077083
-0.095536
-0.110388
-0.121762
-0.130099
-0.135946
-0.139856
-0.142325
-0.143772
-0.144533
-0.144860
-0.144931
-0.144866
-0.144670
-0.144224
-0.143359
-0.141816
-0.139234
-0.135138
-0.128974
-0.120183
-0.108324
-0.093203
-0.074966
-0.054120
-0.031423
-0.007735
0.016062
0.039207
0.061097
0.081276
0.099463
0.115516
0.129408
0.141209
0.151052
0.159110
0.165568
0.170625
0.174470
0.177288
0.179255
0.180546
0.181320
0.181717
0.181855
0.181835
0.181713
0.181400
0.180758
0.179586
0.177614
0.174545
0.170123
0.164253
0.157058
0.148878
0.140157
0.131307
0.122636
0.114308
0.106372
0.098807
0.091549
0.084522
0.077646
0.070842
0.064061
0.057272
0.050473
0.043703
0.037028
0.030541
0.024344
0.018526
0.013152
0.008255
0.003835
-0.000139
-0.003723
-0.006984
-0.009998
-0.012847
-0.015613
-0.018379
-0.021233
-0.024266
-0.027579
-0.031286
-0.035513
-0.040399
-0.046083
-0.052710
-0.060392
-0.069211
-0.079177
-0.090219
-0.102177
-0.114803
-0.127817
-0.140907
-0.153822
-0.166360
-0.178416
-0.189948
-0.200967
-0.211541
-0.221748
-0.231661
-0.241327
-0.250759
-0.259907
-0.268671
-0.276904
-0.284441
-0.291126
-0.296851
-0.301574
-0.305326
-0.308198
-0.310321
-0.311840
-0.312893
-0.313602
-0.314063
-0.314348
-0.314509
-0.314579
-0.314585
-0.314540
-0.314426
-0.314203
-0.313805
-0.313113
-0.311913
-0.309811
-0.306097
-0.299536
-0.288184
-0.269464
-0.241081
-0.202776
-0.157450
-0.109998
-0.064635
-0.023616
0.012407
0.043597
0.070404
0.093324
0.112853
0.129469
0.143624
0.155746
0.166233
0.175459
0.183761
0.191450
0.198810
0.206102
0.213576
0.221469
0.229999
0.239346
0.249644
0.260917
0.273091
0.285936
0.299096
0.312142
0.324622
0.336153
0.346464
0.355404
0.362934
0.369121
0.374078
0.377956
0.380915
0.383114
0.384694
0.385782
0.386488
0.386904
0.387106
0.387159
0.387114
0.386973
0.386663
0.386082
0.385077
0.383441
0.380917
0.377228
0.372156
0.365627
0.357781
0.348979
0.339709
0.330459
0.321604
0.313355
0.305779
0.298832
0.292383
0.286257
0.280249
0.274122
0.267616
0.260434
0.252256
0.242761
0.231676
0.218865
0.204407
0.188648
0.172159
0.155617
0.139655
0.124737
0.111157
0.099036
0.088377
0.079119
0.071150
0.064351
0.058596
0.053751
0.049689
0.046277
0.043389
0.040909
0.038729
0.036756
0.034901
0.033086
0.031237
0.029286
0.027168
0.024824
0.022202
0.019267
0.016001
0.012413
0.008536
0.004415
0.000109
-0.004331
-0.008856
-0.013428
-0.018007
-0.022569
-0.027078
-0.031500
-0.035791
-0.039903
-0.043798
-0.047431
-0.050779
-0.053823
-0.056565
-0.059024
-0.061219
-0.063187
-0.064967
-0.066597
-0.068118
-0.069562
-0.070958
-0.072328
-0.073680
-0.075019
-0.076337
-0.077623
-0.078860
-0.080034
-0.081138
-0.082168
-0.083135
-0.084047
-0.084923
-0.085784
-0.086647
-0.087533
-0.088456
-0.089427
-0.090448
-0.091513
-0.092607
-0.093705
-0.094780
-0.095805
-0.096756
-0.097613
-0.098369
-0.099018
-0.099564
-0.100012
-0.100370
-0.100647
-0.100852
-0.100997
-0.101091
-0.101143
-0.101163
-0.101160
-0.101138
-0.101102
-0.101055
-0.101002
-0.100947
-0.100894
-0.100844
-0.100795
-0.100742
-0.100678
-0.100593
-0.100472
-0.100296
-0.100037
-0.099658
-0.099106
-0.098318
-0.097213
-0.095708
-0.093719
-0.091180
-0.088061
-0.084370
-0.080171
-0.075557
-0.070663
-0.065640
-0.060659
-0.055886
-0.051472
-0.047536
-0.044158
-0.041369
-0.039150
-0.037454
-0.036203
-0.035312
-0.034696
-0.034280
-0.034005
-0.033824
-0.033704
-0.033621
-0.033555
-0.033493
-0.033424
-0.033337
-0.033220
-0.033062
-0.032851
-0.032576
-0.032229
-0.031802
-0.031298
-0.030727
-0.030104
-0.029455
-0.028807
-0.028187
-0.027617
-0.027115
-0.026689
-0.026342
-0.026071
-0.025868
-0.025726
-0.025634
-0.025583
-0.025564
-0.025570
-0.025596
-0.025641
-0.025704
-0.025783
-0.025874
-0.025974
-0.026079
-0.026189
-0.026301
-0.026413
-0.026521
-0.026624
-0.026716
-0.026792
-0.026850
-0.026885
-0.026896
-0.026884
-0.026848
-0.026784
-0.026690
-0.026569
-0.026425
-0.026266
-0.026100
-0.025935
-0.025774
-0.025617
-0.025459
-0.025289
-0.025095
-0.024857
-0.024550
-0.024140
-0.023584
-0.022827
-0.021814
-0.020492
-0.018838
-0.016869
-0.014672
-0.012389
-0.010193
-0.008248
-0.006661
-0.005474
-0.004668
-0.004181
-0.003936
-0.003856
-0.003880
-0.003977
-0.004182
-0.004527
-0.005026
-0.005673
-0.006427
-0.007222
-0.007977
-0.008621
-0.009106
-0.009418
-0.009571
-0.009597
-0.009536
-0.009362
-0.008995
-0.008318
-0.007171
-0.005350
-0.002637
0.001155
0.006113
0.012183
0.019148
0.026692
0.034448
0.042084
0.049322
0.055961
0.061866
0.066957
0.071206
0.074619
0.077242
0.079162
0.080487
0.081337
0.081827
0.082063
0.082127
0.082087
0.081956
0.081669
0.081142
0.080259
0.078863
0.076753
0.073684
0.069380
0.063568
0.056036
0.046679
0.035584
0.023059
0.009608
-0.004140
-0.017537
-0.029996
-0.041084
-0.050502
-0.058148
-0.064040
-0.068330
-0.071243
-0.073056
-0.074051
-0.074489
-0.074588
-0.074510
-0.074265
-0.073653
-0.072345
-0.069795
-0.065223
-0.057759
-0.046834
-0.032694
-0.016570
-0.000229
0.014777
0.027510
0.037639
0.045257
0.050684
0.054346
0.056660
0.058007
0.058703
0.058988
0.059033
0.058955
0.058733
0.058246
0.057328
0.055748
0.053208
0.049380
0.043947
0.036688
0.027535
0.016593
0.004147
-0.009426
-0.023681
-0.038191
-0.052575
-0.066491
-0.079671
-0.091885
-0.102958
-0.112758
-0.121205
-0.128251
-0.133907
-0.138231
-0.141338
-0.143393
-0.144598
-0.145178
-0.145347
-0.145289
-0.145072
-0.144473
-0.143079
-0.140114
-0.134311
-0.124004
-0.107815
-0.085783
-0.059913
-0.033227
-0.008162
0.014087
0.033318
0.049844
0.064088
0.076474
0.087355
0.096993
0.105570
0.113204
0.119966
0.125897
0.131016
0.135347
0.138919
0.141781
0.143994
0.145639
0.146805
0.147585
0.148069
0.148336
0.148449
0.148458
0.148401
0.148257
0.147988
0.147546
0.146874
0.145903
0.144552
0.142733
0.140349
0.137309
0.133537
0.128982
0.123645
0.117567
0.110858
0.103675
0.096204
0.088663
0.081253
0.074160
0.067533
0.061475
0.056044
0.051256
0.047078
0.043456
0.040307
0.037541
0.035057
0.032761
0.030558
0.028352
0.026038
0.023502
0.020614
0.017216
0.013131
0.008158
0.002093
-0.005239
-0.013958
-0.024065
-0.035428
-0.047763
-0.060686
-0.073760
-0.086567
-0.098785
-0.110193
-0.120689
-0.130278
-0.139037
-0.147104
-0.154650
-0.161867
-0.168950
-0.176099
-0.183505
-0.191343
-0.199760
-0.208837
-0.218589
-0.228921
-0.239642
-0.250475
-0.261105
-0.271239
-0.280617
-0.289078
-0.296519
-0.302923
-0.308321
-0.312774
-0.316364
-0.319175
-0.321296
-0.322821
-0.323839
-0.324447
-0.324740
-0.324813
-0.324748
-0.324542
-0.324038
-0.322966
-0.320842
-0.316866
-0.309877
-0.298533
-0.281820
-0.259804
-0.233904
-0.206276
-0.178950
-0.153109
-0.129258
-0.107422
-0.087392
-0.068885
-0.051569
-0.035121
-0.019210
-0.003484
0.012427
0.028928
0.046437
0.065348
0.085991
0.108532
0.132854
0.158531
0.184795
0.210675
0.235213
0.257606
0.277346
0.294237
0.308310
0.319788
0.328992
0.336280
0.342012
0.346494
0.349993
0.352721
0.354848
0.356505
0.357793
0.358786
0.359546
0.360120
0.360547
0.360858
0.361080
0.361235
0.361343
0.361414
0.361461
0.361490
0.361506
0.361510
0.361502
0.361477
0.361430
0.361346
0.361206
0.360983
0.360628
0.360072
0.359208
0.357876
0.355850
0.352831
0.348453
0.342329
0.334138
0.323711
0.311149
0.296829
0.281340
0.265368
0.249551
0.234390
0.220232
0.207259
0.195525
0.185004
0.175593
0.167150
0.159518
0.152532
0.146044
0.139914
0.134020
0.128271
0.122596
0.116959
0.111344
0.105764
0.100255
0.094852
0.089595
0.084509
0.079595
0.074835
0.070195
0.065620
0.061051
0.056409
0.051625
0.046629
0.041370
0.035818
0.029975
0.023885
0.017632
0.011334
0.005130
-0.000839
-0.006460
-0.011648
-0.016369
-0.020617
-0.024419
-0.027818
-0.030869
-0.033627
-0.036141
-0.038454
-0.040601
-0.042607
-0.044493
-0.046274
-0.047967
-0.049587
-0.051153
-0.052687
-0.054213
-0.055763
-0.057366
-0.059055
-0.060860
-0.062805
-0.064906
-0.067163
-0.069559
-0.072056
-0.074599
-0.077124
-0.079562
-0.081858
-0.083962
-0.085846
-0.087496
-0.088912
-0.090107
-0.091098
-0.091909
-0.092566
-0.093097
-0.093527
-0.093880
-0.094180
-0.094445
-0.094695
-0.094948
-0.095221
-0.095534
-0.095907
-0.096363
-0.096922
-0.097603
-0.098413
-0.099346
-0.100374
-0.101446
-0.102498
-0.103462
-0.104282
-0.104925
-0.105383
-0.105671
-0.105817
-0.105856
-0.105822
-0.105718
-0.105511
-0.105165
-0.104642
-0.103902
-0.102907
-0.101624
-0.100027
-0.098098
-0.095828
-0.093228
-0.090329
-0.087191
-0.083901
-0.080570
-0.077320
-0.074266
-0.071501
-0.069080
-0.067016
-0.065292
-0.063868
-0.062692
-0.061706
-0.060858
-0.060102
-0.059394
-0.058696
-0.057973
-0.057188
-0.056307
-0.055294
-0.054114
-0.052739
-0.051152
-0.049355
-0.047370
-0.045253
-0.043083
-0.040952
-0.038956
-0.037170
-0.035646
-0.034402
-0.033427
-0.032689
-0.032146
-0.031756
-0.031477
-0.031276
-0.031126
-0.031007
-0.030901
-0.030795
-0.030676
-0.030533
-0.030356
-0.030136
-0.029869
-0.029555
-0.029203
-0.028830
-0.028461
-0.028120
-0.027831
-0.027610
-0.027461
-0.027381
-0.027358
-0.027380
-0.027443
-0.027557
-0.027723
-0.027939
-0.028195
-0.028473
-0.028754
-0.029018
-0.029246
-0.029428
-0.029556
-0.029629
-0.029651
-0.029625
-0.029548
-0.029393
-0.029125
-0.028699
-0.028055
-0.027126
-0.025844
-0.024161
-0.022075
-0.019648
-0.017013
-0.014354
-0.011864
-0.009695
-0.007937
-0.006608
-0.005674
-0.005067
-0.004713
-0.004542
-0.004494
-0.004526
-0.004626
-0.004825
-0.005152
-0.005631
-0.006277
-0.007083
-0.008019
-0.009031
-0.010048
-0.010997
-0.011820
-0.012480
-0.012963
-0.013281
-0.013457
-0.013521
-0.013505
-0.013424
-0.013245
-0.012924
-0.012407
-0.011627
-0.010508
-0.008965
-0.006913
-0.004274
-0.000979
0.003020
0.007752
0.013220
0.019392
0.026204
0.033557
0.041294
0.049224
0.057115
0.064721
0.071811
0.078190
0.083712
0.088278
0.091861
0.094496
0.096283
0.097366
0.097910
0.098086
0.098045
0.097863
0.097353
0.096165
0.093644
0.088708
0.079927
0.066112
0.047390
0.025806
0.004389
-0.014445
-0.029630
-0.041186
-0.049617
-0.055577
-0.059678
-0.062424
-0.064205
-0.065315
-0.065963
-0.066304
-0.066442
-0.066452
-0.066386
-0.066211
-0.065864
-0.065258
-0.064265
-0.062715
-0.060384
-0.057004
-0.052289
-0.046001
-0.038043
-0.028541
-0.017887
-0.006681
0.004381
0.014688
0.023789
0.031436
0.037562
0.042243
0.045656
0.048020
0.049560
0.050488
0.050980
0.051180
0.051197
0.051113
0.050874
0.050356
0.049356
0.047554
0.044478
0.039501
0.031927
0.021208
0.007211
-0.009555
-0.028003
-0.046823
-0.064837
-0.081272
-0.095712
-0.108023
-0.118257
-0.126552
-0.133094
-0.138101
-0.141783
-0.144359
-0.146044
-0.147042
-0.147545
-0.147719
-0.147697
-0.147561
-0.147190
-0.146381
-0.144793
-0.141903
-0.137018
-0.129392
-0.118495
-0.104317
-0.087462
-0.068952
-0.049808
-0.030804
-0.012379
0.005255
0.022019
0.037879
0.052774
0.066628
0.079333
0.090788
0.100899
0.109627
0.116977
0.123014
0.127843
0.131597
0.134434
0.136512
0.137978
0.138970
0.139600
0.139967
0.140146
0.140196
0.140164
0.140060
0.139846
0.139481
0.138922
0.138123
0.137054
